Cost matrix:
0 5 7 10 i 12 4 6 15 17 
24 0 2 5 i 7 8 10 19 21 
24 29 0 3 i 5 8 10 19 21 
25 30 32 0 i 2 9 11 20 22 
8 13 15 18 0 8 12 14 3 5 
i i i i i 0 i i i i 
16 21 23 26 i 28 0 2 11 13 
14 19 21 24 i 26 18 0 9 11 
5 10 12 15 i 17 9 11 0 2 
3 8 10 13 i 15 7 9 18 0 
Path matrix:
0 0 1 2 0 3 0 6 7 8 
9 0 1 2 0 3 1 6 7 8 
9 0 0 2 0 3 2 6 7 8 
9 0 1 0 0 3 3 6 7 8 
9 0 1 2 0 4 0 6 4 8 
0 0 0 0 0 0 0 0 0 0 
9 0 1 2 0 3 0 6 7 8 
9 0 1 2 0 3 0 0 7 8 
9 0 1 2 0 3 0 6 0 8 
9 0 1 2 0 3 0 6 7 0 
The path between 6 and 0 is:
[6, 7, 8, 9, 0]
Its cost is: 16
